1 6
2 8
3 11
4 11
5 14
6 18
7 21
8 23
9 27
10 31
11 34
12 34
13 37
14 38
15 42
16 46
17 48
18 50
19 51
20 58
21 53
22 56
23 55
24 58
25 64
26 69
27 73
28 73
29 75
30 81
31 83
32 81
33 83
34 81
35 53
36 82
37 86
38 77
39 57
40 80
41 82
42 78
43 82
44 80
45 78
46 85
47 79
48 80
49 93
50 82
51 81
52 78
53 80
54 83
55 78
56 80
57 64
58 88
59 89
60 106
61 92
62 93
63 94
64 93
65 89
66 81
67 78
68 76
69 79
70 78
71 84
72 78
73 73
74 73
75 69
76 66
77 64
78 60
79 69
80 55
81 51
82 69
83 56
84 44
85 46
86 49
87 42
88 42
89 42
